Base : 100000 measurements

15 sept 2014
0.001592 s/op

4 Mars 2015
with prints
dummy  : 0.000520 s/op
lua    : 0.000431 s/op
python : 0.000504 s/op
c      : 0.000430 s/op
bash   : 0.000579 s/op

without prints
dummy  : 0.000223 s/op
lua    : 0.000241 s/op
python : 0.000259 s/op
c      : 0.000187 s/op
c++    : 0.000193 s/op
bash   : 0.000280 s/op
